# z R500Cros08 [kpc/h70] Mgas500Cros08 [log10 Msun/h70^{5/2}] errMgas500Cros08 [log10 Msun/h70^{5/2}] ZCroston [Zsun] errZCroston+ [Zsun] errZCroston- [Zsun] T1Pratt [kev] errT1Pratt+ [keV] errT1Pratt- [keV] L1Pratt [1E44 erg/s/h70^{2}] errL1Pratt [1E44 erg/s/h70^{2}] T2Pratt [keV] errT2Pratt+ [keV] errT2Pratt- [keV] L2Pratt [1E44 erg/s/h70^{2}] errL2Pratt [1E44 erg/s/h70^{2}] T3Pratt [keV] errT3Pratt+ [keV] errT3Pratt- [keV] YxPratt [1E13 Msun/h70^{5/2}.keV] errYxPratt+ [1E13 Msun/h70^{5/2}.keV] errYxPratt- [1E13 Msun/h70^{5/2}.keV] L1ROSATPratt [1E44 erg/s/h70^{2}] errL1ROSATPratt [1E44 erg/s/h70^{2}] L1softPratt [1E44 erg/s/h70^{2}] errL1softPratt [1E44 erg/s/h70^{2}] L2ROSATPratt [1E44 erg/s/h70^{2}] errL2ROSATPratt [1E44 erg/s/h70^{2}] L2softPratt [1E44 erg/s/h70^{2}] errL2softPratt [1E44 erg/s/h70^{2}]
0.0924  876.69  13.298   0.006  0.27  0.04  0.04  3.85  0.09  0.09  1.88  0.01  3.64  0.09  0.09  1.16  0.01  3.87  0.10  0.10  7.69  0.26  0.26  1.02  0.01  0.63  0.00  0.65  0.01  0.40  0.00
0.1147 1059.31  13.642   0.010  0.34  0.06  0.06  5.03  0.19  0.19  4.13  0.05  4.60  0.21  0.16  3.18  0.05  5.18  0.20  0.20 22.74  1.22  1.21  1.96  0.02  1.21  0.01  1.58  0.02  0.97  0.01
0.1410 1045.30  13.606   0.008  0.18  0.04  0.04  5.69  0.11  0.11  6.52  0.04  5.24  0.15  0.15  4.07  0.04  5.55  0.13  0.13 22.41  0.65  0.63  2.93  0.02  1.81  0.01  1.92  0.02  1.18  0.01
0.1084  807.79  13.225   0.009  0.26  0.05  0.04  3.09  0.10  0.10  1.78  0.02  2.79  0.11  0.11  1.00  0.02  3.03  0.12  0.12  5.09  0.25  0.24  1.06  0.01  0.65  0.01  0.62  0.01  0.38  0.01
0.1168 1089.28  13.674   0.009  0.30  0.05  0.05  5.53  0.13  0.13  5.00  0.03  5.51  0.16  0.16  3.88  0.03  5.63  0.14  0.14 26.61  0.89  0.87  2.26  0.02  1.40  0.01  1.76  0.02  1.09  0.01
0.1008  685.04  12.991   0.008  0.27  0.02  0.02  2.07  0.07  0.00  0.81  0.01  2.02  0.06  0.06  0.48  0.01  2.07  0.05  0.05  2.03  0.06  0.06  0.55  0.00  0.34  0.00  0.33  0.00  0.20  0.00
0.0604  693.91  12.874   0.012  0.69  0.11  0.09  2.47  0.15  0.06  0.51  0.01  2.61  0.16  0.16  0.31  0.01  2.67  0.13  0.13  2.00  0.12  0.12  0.33  0.01  0.21  0.00  0.19  0.00  0.12  0.00
0.0603  688.40  12.919   0.013  0.37  0.05  0.04  2.19  0.04  0.04  0.77  0.01  2.15  0.08  0.08  0.37  0.01  2.30  0.09  0.06  1.91  0.09  0.06  0.51  0.01  0.32  0.00  0.25  0.00  0.15  0.00
0.1483 1133.74  13.768   0.005  0.27  0.03  0.03  6.02  0.11  0.11  8.97  0.04  5.68  0.11  0.11  5.76  0.04  6.06  0.14  0.14 35.54  1.02  0.99  3.88  0.02  2.40  0.01  2.58  0.02  1.59  0.01
0.1392 1045.94  13.659   0.008  0.31  0.04  0.04  4.56  0.05  0.05  9.54  0.04  4.81  0.12  0.12  4.26  0.04  4.91  0.11  0.11 22.39  0.66  0.63  4.72  0.02  2.94  0.01  2.07  0.02  1.28  0.01
0.1164  939.16  13.452   0.008  0.31  0.04  0.04  4.22  0.10  0.10  2.38  0.02  4.16  0.12  0.12  1.88  0.02  4.17  0.11  0.11 11.81  0.39  0.41  1.24  0.01  0.76  0.01  0.98  0.01  0.60  0.01
0.1644 1279.98  13.994   0.007  0.22  0.04  0.04  6.95  0.13  0.13 18.88  0.10  6.97  0.19  0.19 11.39  0.09  7.27  0.18  0.18 71.61  2.35  2.33  7.57  0.04  4.69  0.03  4.57  0.03  2.83  0.02
0.0822  755.86  13.071   0.010  0.28  0.05  0.04  2.68  0.09  0.09  0.77  0.01  2.44  0.12  0.12  0.54  0.01  2.84  0.10  0.10  3.34  0.15  0.15  0.49  0.01  0.30  0.00  0.36  0.01  0.22  0.00
0.1669 1077.39  13.648   0.016  0.25  0.00  0.00  5.34  0.21  0.21 11.56  0.15  5.85  0.45  0.40  5.25  0.16  6.30  0.50  0.44 28.04  2.67  2.30  5.30  0.07  3.28  0.04  2.31  0.06  1.43  0.04
0.1342  931.85  13.518   0.008  0.26  0.02  0.02  3.41  0.03  0.03  7.42  0.02  3.52  0.05  0.05  3.00  0.02  3.57  0.05  0.05 11.77  0.19  0.19  4.24  0.01  2.62  0.01  1.70  0.01  1.04  0.01
0.1195  885.24  13.385   0.012  0.38  0.03  0.03  3.31  0.03  0.03  3.75  0.01  3.40  0.06  0.06  1.70  0.01  3.54  0.05  0.05  8.60  0.16  0.15  2.14  0.01  1.33  0.00  0.97  0.01  0.60  0.00
0.0796  753.50  13.078   0.009  0.42  0.04  0.04  2.70  0.05  0.05  1.03  0.01  2.57  0.11  0.03  0.61  0.01  2.73  0.09  0.01  3.27  0.15  0.02  0.64  0.01  0.40  0.00  0.39  0.00  0.24  0.00
0.0847  842.12  13.247   0.013  0.26  0.03  0.03  2.97  0.06  0.07  1.38  0.01  2.92  0.09  0.07  0.83  0.01  3.44  0.07  0.07  6.07  0.19  0.18  0.83  0.01  0.51  0.00  0.51  0.00  0.31  0.00
0.1832 1319.18  14.019   0.004  0.26  0.02  0.02  8.91  0.08  0.08 36.06  0.08  8.24  0.13  0.13 15.13  0.07  8.44  0.12  0.12 88.18  1.51  1.50 12.48  0.03  7.76  0.02  5.49  0.02  3.41  0.01
0.1181  989.86  13.548   0.008  0.25  0.03  0.03  4.51  0.06  0.06  4.12  0.02  4.18  0.08  0.08  2.77  0.02  4.48  0.07  0.07 15.81  0.30  0.31  2.08  0.01  1.28  0.01  1.45  0.01  0.89  0.01
0.1198  927.02  13.472   0.009  0.30  0.03  0.03  3.55  0.07  0.07  2.31  0.02  3.40  0.08  0.08  1.77  0.02  3.74  0.10  0.09 11.08  0.41  0.36  1.30  0.01  0.80  0.01  1.02  0.01  0.62  0.01
0.1538 1155.29  13.843   0.013  0.27  0.03  0.03  4.78  0.05  0.05 21.06  0.07  5.63  0.11  0.11  7.52  0.07  5.73  0.10  0.10 39.89  0.78  0.82 10.24  0.03  6.34  0.02  3.38  0.03  2.09  0.02
0.0564  739.51  13.014   0.010  0.20  0.04  0.04  2.71  0.09  0.09  0.61  0.01  2.46  0.12  0.12  0.40  0.01  2.72  0.09  0.09  2.81  0.13  0.12  0.39  0.01  0.24  0.00  0.26  0.01  0.16  0.00
0.1475 1077.96  13.730   0.008  0.22  0.03  0.03  4.65  0.13  0.07  5.13  0.03  4.59  0.08  0.08  4.40  0.03  5.01  0.11  0.11 26.91  0.81  0.80  2.55  0.01  1.57  0.01  2.21  0.01  1.36  0.01
0.0796  900.60  13.350   0.008  0.46  0.06  0.06  3.81  0.15  0.15  1.46  0.02  3.64  0.16  0.12  1.19  0.02  3.88  0.14  0.14  8.67  0.40  0.41  0.79  0.01  0.49  0.01  0.65  0.01  0.41  0.01
0.1184  886.56  13.393   0.010  0.26  0.03  0.03  3.26  0.04  0.04  3.56  0.02  3.40  0.08  0.08  1.58  0.02  3.50  0.07  0.07  8.65  0.32  0.32  2.06  0.01  1.27  0.01  0.91  0.01  0.56  0.00
0.0579  751.45  13.047   0.008  0.28  0.03  0.03  2.46  0.08  0.08  0.45  0.01  2.30  0.10  0.06  0.37  0.01  2.76  0.07  0.07  3.07  0.11  0.11  0.29  0.00  0.18  0.00  0.25  0.00  0.15  0.00
0.1486 1022.61  13.638   0.007  0.21  0.03  0.03  4.86  0.09  0.09  6.12  0.03  4.45  0.09  0.09  3.70  0.03  4.65  0.10  0.08 20.32  0.54  0.47  2.98  0.01  1.84  0.01  1.89  0.01  1.16  0.01
0.1411 1130.13  13.747   0.006  0.34  0.05  0.05  5.84  0.11  0.11  9.43  0.06  5.88  0.20  0.15  5.60  0.06  6.16  0.19  0.19 34.36  1.30  1.33  4.13  0.03  2.56  0.02  2.44  0.03  1.51  0.02
0.1510 1283.21  13.984   0.007  0.23  0.03  0.03  7.78  0.15  0.15 19.15  0.11  6.95  0.14  0.14 12.36  0.10  7.30  0.12  0.12 70.43  1.51  1.54  7.20  0.04  4.47  0.03  4.96  0.04  3.07  0.02
0.0984  788.73  13.238   0.010  0.31  0.04  0.04  2.22  0.03  0.03  2.00  0.02  2.48  0.08  0.08  0.97  0.01  2.52  0.07  0.07  4.37  0.16  0.16  1.34  0.01  0.82  0.01  0.63  0.01  0.38  0.01
